-4.894838142301987105e+00 -6.177443805446230840e+01
-4.640029438947941287e+00 -4.533243282934105878e+01
-4.345637490303602135e+00 -3.230028619086669295e+01
-4.483573901840334663e+00 -3.325359405950449343e+01
-4.201560550110388093e+00 -1.800994691771182943e+01
-4.269211792029909525e+00 -3.855761871669489693e+01
-4.187756534337305325e+00 -2.094883357787511713e+01
-3.454034442593748810e+00 4.108141510557462794e+00
-3.490272769046771639e+00 -1.477318072060905507e+01
-3.866367943763308723e+00 -2.346499010749502645e+01
-3.088839055931969391e+00 -7.020473860785727105e+00
-3.314028674663362040e+00 -1.236356969638734427e+01
-3.533401782046567075e+00 9.380479296635826358e-01
-2.784372715464364934e+00 9.663757548142324794e+00
-2.928734218488368235e+00 -1.356922300334975517e+00
-3.374305409907671471e+00 -1.655427609164541636e+01
-3.010412435704679091e+00 8.715192094449538018e+00
-2.796968070630510006e+00 -1.052774447166835436e+00
-2.707789324206180126e+00 1.777309555376762518e+01
-2.602706090489438573e+00 9.438278767388029067e+00
-2.376193483243046245e+00 1.103858039536920366e+01
-2.019717795847210340e+00 2.132974202996674506e+01
-2.098179520274936039e+00 1.671363264367442270e+01
-2.352655311197679566e+00 9.432708863662494281e+00
-1.775030286193630236e+00 2.521951770795413950e+01
-1.770829797651503945e+00 2.187764058871429640e+01
-1.956706405203158639e+00 1.265306266328426510e+01
-1.866332011389808532e+00 2.367970849946159007e+01
-1.246159990679601481e+00 2.867456150473064369e+01
-1.518011789195999439e+00 8.248885659296583128e+00
-1.495853614301990042e+00 2.096667136880433091e+01
-1.267107922247012741e+00 1.587237346624205259e+01
-1.525497304363072626e+00 6.521896953636043825e+00
-9.039139464768564114e-01 2.483568422326424852e+01
-1.397240578163276403e+00 2.970661888148245566e+01
-1.302719992086419420e+00 2.877622713461861537e+01
-8.700143029397514605e-01 9.980200946494377945e+00
-8.285636712060407971e-01 1.162708342490249613e+01
-8.978359274942226964e-01 1.438748141109950751e+01
-3.359433279300064745e-01 2.644669828675927192e+01
-6.355956588743260083e-01 1.350227495177240655e+01
1.308748410672655460e-02 3.496405305246787520e+01
-5.848580937422034332e-01 3.171186185035498184e+01
-1.995969042536969162e-01 3.628457888488802041e+01
7.195789941946384438e-02 2.258819704182892707e+01
3.735574094563839376e-01 1.825973172127970301e+01
6.104878006179741412e-01 2.382957230429084206e+01
-1.116996574888463600e-01 2.219865825433111084e+01
4.991310366879784244e-01 4.063937799788708105e+01
2.502165809181370326e-01 1.745360147879448576e+01
3.593942104898081302e-01 1.882197511312326199e+01
8.395437758459791677e-01 4.500570382598475305e+01
1.156672770005945594e+00 3.199751633880410040e+01
4.729005852019337874e-01 3.609262362844721395e+01
9.819999157094704278e-01 3.942263285942612328e+01
9.190503490186351376e-01 4.461989114743490603e+01
1.589602840169686448e+00 6.110696116256286814e+01
1.338165501433971061e+00 4.927786973873824650e+01
1.505818842889068643e+00 3.684826871176985463e+01
1.139804816870844784e+00 3.937976329925765384e+01
1.611721139520896795e+00 4.508573264235280931e+01
2.029397461099944788e+00 6.674929213239320802e+01
1.538241238991209681e+00 5.671014926642079246e+01
1.549463968371999067e+00 4.999633500020421195e+01
1.676088012110403369e+00 4.491664515518407086e+01
2.411708399463804220e+00 7.787545469658063269e+01
2.158565181777140296e+00 5.814582568174301969e+01
2.735659910088556135e+00 9.248196038691487786e+01
2.309265772813046791e+00 6.150230395560652141e+01
2.769240489694887231e+00 8.992675976756342493e+01
2.297814489826778495e+00 7.127376100819874694e+01
2.874927922457104934e+00 1.000248732149002393e+02
2.329642952944049217e+00 6.391220086553511948e+01
2.518918445540498929e+00 9.299067258125813851e+01
2.766924903986330619e+00 9.454668288183432878e+01
2.701558113591573829e+00 8.031576508756846522e+01
3.328779342962216781e+00 1.266137152318382277e+02
3.402427008062821390e+00 1.262938806027991774e+02
3.164224439013014312e+00 1.160344697106221759e+02
3.148579292297128518e+00 1.185388533390359385e+02
3.654065509111754650e+00 1.469449646061979138e+02
3.831819566401989174e+00 1.622784216304841607e+02
3.932026546880384110e+00 1.660823267012474389e+02
4.049336028052058722e+00 1.766929606244194417e+02
4.053098265075787410e+00 1.642908127704198193e+02
4.499789222612550432e+00 2.240730803213965885e+02
4.197629769118724319e+00 1.854681337126022811e+02
4.688096151850214000e+00 2.400956831127511180e+02
4.132859823830993484e+00 1.691385271028693182e+02
4.896960205225107110e+00 2.607668244239438877e+02
4.812686727540068432e+00 2.335294083017253399e+02
4.385494217753508117e+00 1.908937634800049352e+02
5.036758066878131324e+00 2.618900903653002388e+02
4.447491913738135239e+00 2.102376920400525080e+02
4.593783441286171332e+00 2.341186182440718255e+02
5.351566659544251259e+00 3.148307721236187717e+02
4.928075858882769111e+00 2.620721421944377312e+02
5.062434775565632705e+00 2.676978111707141466e+02
5.723847519204746881e+00 3.599631764799093503e+02
5.053677285868661606e+00 2.702933436589904090e+02
