9.539146065344361602e-02 9.493279504670615765e+00
1.596173088770080906e-01 7.591965896874766528e+00
2.562566380039977831e-01 1.230463113039334111e+01
4.135192028464340086e-01 7.814668201643207190e+00
4.239314997627040560e-01 1.117512857543855986e+01
8.430936532994244281e-01 8.883072388767875083e+00
6.922414761396615823e-01 1.142277018637913777e+01
1.042693654371264378e+00 1.277033604629080799e+01
9.987372342406599657e-01 1.317219718564156850e+01
1.248512373096217765e+00 1.481870446876799008e+01
1.045374447722179800e+00 1.064053582564021561e+01
1.473702942692751261e+00 1.424829642310549893e+01
1.495909786669905372e+00 1.338245482427683442e+01
1.680680489775497666e+00 1.530879514977570643e+01
1.867235513857719464e+00 1.994162950856397387e+01
1.939992294287139263e+00 1.866920228865829046e+01
1.968545804722949377e+00 1.546348532280299359e+01
2.209881917931477258e+00 1.458043348047308463e+01
2.129385379464950212e+00 2.188867471553900401e+01
2.320803368514065657e+00 1.655143892627847180e+01
2.424709143441409864e+00 2.182619098510540923e+01
2.205407025288586897e+00 1.643853352077740126e+01
2.490239041257994668e+00 1.987887645855160201e+01
2.680648537351931093e+00 1.958450239468392695e+01
2.678263830078629670e+00 1.946723274628068268e+01
2.896470854167997544e+00 1.965136707539620886e+01
2.686241602088061509e+00 1.818775124866504100e+01
2.839010108199677251e+00 1.792082541601622481e+01
3.328197506143953710e+00 2.219871078322278635e+01
3.329943246617442121e+00 2.041034661619277912e+01
3.382891202707683842e+00 2.280724189960668369e+01
3.308687296889175844e+00 2.400650304247050926e+01
3.244678463709003591e+00 2.188983449368266321e+01
3.736278166470200723e+00 2.091062945723022182e+01
3.456378177734947599e+00 2.378995981207641108e+01
3.987388422593471482e+00 2.607003269770994436e+01
3.824080030354159998e+00 2.753831731400731186e+01
3.896708515176829479e+00 2.435990984361799860e+01
4.153985453476618517e+00 2.579423547375694170e+01
4.259072313370195317e+00 2.423817607149690190e+01
4.056691048750145079e+00 2.166472394084377839e+01
4.187628134347475495e+00 2.774109357286442545e+01
4.445498149714369518e+00 2.797840116928765752e+01
4.458607263294256384e+00 2.890596928388523068e+01
4.626343969262429745e+00 2.771498091282272114e+01
4.566273379079207828e+00 2.866813763496608303e+01
4.667645076944673121e+00 2.483927343701837742e+01
5.057968834234687350e+00 3.148668340876625749e+01
5.061608044498233205e+00 3.278160962293033975e+01
5.115339039054687120e+00 2.839315657388210923e+01
5.077820990116719280e+00 3.179895169198847427e+01
5.394811074942014173e+00 3.109247928981314857e+01
5.390660608486579797e+00 3.246639680668912575e+01
5.605136944648251074e+00 3.074518223938301986e+01
5.562361010829630636e+00 3.427503701117363732e+01
5.737626049442762444e+00 3.143042832425334510e+01
5.911247932867676802e+00 2.862544351121943009e+01
6.210347245038592590e+00 3.337716026032668282e+01
5.930665608691357171e+00 3.133711671691207101e+01
6.420307865621119880e+00 3.560914956263729181e+01
6.069008241521280489e+00 3.988074167051099295e+01
6.350898020369511343e+00 3.347356955207116869e+01
6.608194113797338787e+00 3.417868890734377629e+01
6.758825324700823423e+00 3.698391366871338448e+01
6.939578893813431293e+00 3.787314195921754845e+01
6.931988416034378098e+00 3.507048828413434194e+01
7.028326887934677636e+00 4.099708366359443801e+01
6.800074077078748225e+00 3.192657429296722782e+01
7.343915316807528626e+00 3.892518447130044024e+01
7.071663014817436199e+00 4.016799077926450678e+01
7.335789686923153141e+00 3.647579369818104311e+01
7.650412056702722730e+00 3.907705056604190474e+01
7.646595388178514696e+00 3.941177243709896771e+01
7.429666642848210323e+00 3.783753361191550368e+01
7.922494919692953275e+00 3.897339677398717583e+01
7.795870802114595932e+00 3.927530711117686479e+01
7.965918455726249903e+00 4.301514014735538893e+01
8.266582995205666862e+00 4.672853217486043320e+01
8.068282517585860347e+00 4.226929648574570564e+01
8.052595094596284753e+00 4.037658190181009132e+01
8.116827027256718452e+00 4.255847393401300138e+01
8.525978926039702088e+00 4.353107460601151502e+01
8.720819727683323919e+00 4.391121427725011728e+01
8.757933306608558510e+00 4.188074888020442899e+01
8.682205988891977810e+00 4.348805308812728754e+01
8.754430379323101974e+00 4.400138781933847554e+01
8.823949639957925584e+00 4.242587972379288175e+01
9.285301552544314774e+00 4.692313231500251902e+01
8.959331446974328372e+00 4.414677778075503056e+01
9.265022702025564882e+00 4.633660134580271972e+01
9.202605989949137921e+00 4.863865338244525560e+01
9.642323708580459396e+00 4.898312984647557045e+01
9.637862129510791576e+00 4.843975144803792432e+01
9.558159851255661366e+00 4.479231038374456375e+01
9.550936701530998718e+00 4.820174914389668430e+01
9.652583492588423297e+00 4.516104245384425298e+01
9.753885092030722959e+00 5.021969040360259129e+01
1.021640930201074760e+01 5.043806624103667247e+01
1.007411816317359232e+01 5.056172565693485410e+01
1.005899060188355598e+01 4.966586134497812566e+01
